Messung 05.08.20 - nicht abgedunkelt, aber abends, ohne direkte Sonneneintrahlung
analoge Messung: 455 mm
Bemerkung: bei offenen Deckel - oft out of range (9999) - wahrscheinlich durch Sonneneinstrahlung
 
 459
 459
 459
 459
 459
 457
 457
 457
 457
 457
 457
 456
 457
 457
 456
 456
 457
 456
 456
 458
 458
 465
 465
 465
 465
 460
 459
 457
 454
 454
 454
 454
 454
 454
 458
 460
 460
 459
 460
 459
 459
 460
 460
 456
 457
 456
 454
 456
 457
 458
 458
 458
 455
 455
 455
 455
 462
 462
 459
 453
 453
 453
 457
 455
 457
 459
 458
 459
 459
 459
 461
 461
 461
 461
 458
 458
 455
 457
 457
 458
 458
 458
 462
 462
 462
 458
 458
 457
 457
 457
 457
 457
 457
 457
 455
 455
 455
 455
 455
 457
 457
 454
 458
 456
 456
 461
 461
 460
 460
 458
 454
 454
 458
 458
 457
 458
 458
 458
 460
 460
 460
 461
 457
 457
 458
 459
 459
 459
 462
 459
 462
 456
 462
 460
 460
 458
 459
 459
 458
 458
 455
 455
 455
 458
 458
 458
 456
 456
 456
 456
 456
 456
 453
 453
 456
 458
 458
 458
 462
 455
 454
 455
 462
 462
 463
 463
 462
 459
 459
 459
 459
 458
 458
 456
 456
 455
 456
 456
 457
 457
 457
 464
 465
 465
 465
 465
 464
 463
 460
 456
 456
 456
 456
 456
 456
 456
 456
 456
 457
 457
 461
 459
 459
 459
 459
 459
 464
 464
 461
 461
 461
 459
 458
 458
 461
 458
 458
 460
 455
 455
 460
 460
 459
 460
 459
 458
 458
 457
 457
 457
 454
 454
 458
 458
 458
 458
 458
 458
 458
 458
 461
 458
 461
 461
 461
 456
 456
 456
 456
 456
 456
 463
 461
 456
 456
 455
 455
 455
 455
 456
 459
 456
 459
 458
 459
 458
 458
 458
 455
 454
 454
 454
 454
 457
 457
 457
 461
 461
 456
 463
 463
 459
 456
 458
 456
 458
 458
 458
 461
 461
 459
 459
 459
 459
 453
 453
 453
 460
 460
 463
 460
 460
 460
 459
 458
 459
 458
 459
 461
 461
 459
 462
 459
 459
 460
 460
 458
 460
 456
 456
 454
 458
 454
 458
 452
 458
 456
 458
 458
 458
 456
 454
 454
 454
 454
 454
 457
 455
 453
 455
 458
 458
 460
 460
 460
 460
 465
 466
 466
 466
 458
 458
 456
 456
 456
 456
 459
 459
 459
 462
 457
 457
 457
 457
 457
 457
 455
 457
 457
 454
 454
 456
 456
 459
 459
 459
 460
 459
 454
 456
 454
 454
 454
 456
 456
 460
 460
 460
 460
 460
 457
 457
 457
 457
 457
 457
 457
 457
 457
 454
 456
 456
 459
 459
 459
 459
 457
 457
 456
 457
 457
 460
 457
 457
 460
 455
 455
 456
 456
 455
 456
 456
 457
 457
 457
 457
 457
 458
 458
 458
 458
 454
 454
 458
 458
 458
 463
 462
 462
 462
 464
 462
 458
 458
 458
 458
 459
 460
 460
 460
 459
 458
 458
 458
 458
 455
 456
 455
 456
 456
 457
 457
 462
 463
 463
 463
 460
 458
 458
 458
 458
 459
 459
 459
 461
 461
 461
 463
 461
 460
 463
 457
 457
 459
 466
 462
 465
 465
 465
 462
 458
 455
 455
 454
 455
 455
 456
 454
 456
 456
 463
 463
 463
 458
 458
 458
 458
 458
 457
 457
 456
 456
 456
 456
 460
 462
 460
 463
 463
 460
 459
 457
 457
 459
 460
 460
 460
 460
 463
 463
 463
 454
 454
 454
 454
 457
 460
 460
 460
 460
 460
 459
 455
 459
 459
 459
 459
 459
 459
 459
 461
 459
 461
 461
 461
 459
 459
 458
 458
 458
 459
 460
 460
 463
 463
 460
 456
 456
 456
 456
 456
 456
 456
 456
 458
 458
 460
 460
 460
 460
 461
 460
 461
 461
 461
 459
 459
 459
 459
 459
 459
 460
 460
 462
 460
 460
 460
 448
 448
 452
 454
 452
 454
 455
 455
 457
 457
 457
 455
 456
 456
 458
 456
 462
 462
 456
 456
 456
 456
 457
 457
 457
 457
 457
 457
 456
 456
 456
 456
 456
 456
 458
 458
 458
 456
 456
 454
 454
 454
 454
 454
 454
 455
 456
 456
 456
 462
 462
 462
 462
 462
 461
 461
 458
 461
 461
 461
 461
 461
 460
 455
 455
 456
 456
 456
 461
 461
 461
 460
 460
 458
 458
 458
 458
 458
 458
 461
 458
 461
 461
 459
 455
 455
 455
 454
 455
 454
 458
 460
 461
 465
 465
 465
 464
 462
 460
 460
 460
 460
 460
 460
 460
 460
 460
 455
 455
 457
 455
 455
 457
 455
 455
 455
 460
 456
 456
 458
 458
 458
 458
 459
 460
 461
 461
 461
 459
 456
 456
 459
 459
 458
 458
 456
 454
 456
 454
 454
 454
 460
 458
 458
 457
 458
 457
 457
 457
 458
 459
 459
 459
 464
 464
 462
 462
 462
 462
 457
 463
 458
 458
 457
 457
 456
 456
 456
 456
 456
 457
 451
 451
 454
 457
 457
 457
 456
 456
 452
 452
 454
 454
 455
 455
 454
 456
 456
 454
 456
 457
 457
 456
 457
 456
 456
 457
 457
 459
 459
 459
 459
 459
 459
 462
 463