Messung 06.08.20 - abgedunkelt
analoge Messung: 413 mm
Bemerkung: bei offenen Deckel - oft out of range (9999) - wahrscheinlich durch Sonneneinstrahlung

 404
 403
 404
 406
 407
 408
 410
 410
 410
 410
 413
 413
 413
 414
 414
 413
 413
 413
 413
 413
 411
 409
 409
 410
 410
 410
 411
 411
 410
 407
 407
 407
 407
 409
 413
 413
 413
 413
 402
 402
 403
 403
 410
 414
 414
 414
 414
 414
 414
 411
 411
 407
 410
 408
 410
 410
 412
 412
 412
 412
 410
 409
 409
 410
 410
 410
 410
 410
 408
 408
 412
 412
 409
 412
 409
 409
 412
 413
 413
 413
 413
 416
 416
 411
 409
 409
 408
 406
 406
 405
 405
 405
 405
 412
 414
 414
 414
 413
 412
 411
 410
 410
 408
 407
 407
 407
 406
 406
 406
 410
 409
 409
 409
 409
 407
 407
 408
 414
 408
 413
 413
 406
 405
 406
 406
 409
 409
 412
 409
 404
 404
 408
 405
 405
 405
 405
 405
 406
 410
 410
 410
 406
 407
 407
 407
 410
 411
 411
 412
 415
 412
 415
 415
 408
 408
 408
 408
 405
 405
 405
 404
 404
 404
 408
 411
 411
 409
 411
 409
 409
 409
 411
 411
 411
 411
 411
 411
 409
 410
 411
 413
 413
 414
 414
 414
 414
 408
 408
 411
 408
 411
 413
 413
 412
 412
 410
 410
 410
 410
 408
 408
 405
 405
 407
 407
 407
 413
 414
 414
 413
 409
 409
 408
 409
 408
 409
 409
 409
 409
 409
 409
 410
 408
 408
 408
 410
 412
 412
 406
 408
 408
 406
 408
 414
 414
 414
 414
 413
 412
 410
 410
 412
 410
 410
 410
 409
 403
 409
 409
 412
 412
 412
 408
 406
 406
 408
 408
 410
 410
 410
 407
 410
 411
 411
 411
 411
 411
 413
 413
 413
 413
 409
 409
 409
 409
 409
 413
 409
 407
 407
 409
 409
 411
 413
 411
 411
 411
 410
 410
 411
 410
 410
 413
 410
 409
 407
 407
 407
 409
 407
 410
 415
 415
 414
 414
 409
 409
 409
 409
 406
 407
 407
 407
 407
 408
 408
 408
 408
 411
 412
 414
 414
 412
 411
 409
 406
 406
 406
 406
 407
 407
 407
 407
 411
 411
 411
 411
 413
 414
 407
 407
 410
 406
 406
 410
 410
 410
 411
 411
 410
 407
 412
 407
 407
 407
 411
 409
 409
 409
 409
 406
 406
 410
 412
 410
 410
 410
 411
 409
 409
 411
 409
 409
 409
 410
 410
 410
 412
 411
 411
 409
 407
 406
 406
 406
 407
 406
 410
 410
 410
 412
 412
 412
 412
 412
 408
 408
 413
 414
 408
 412
 412
 412
 410
 410
 406
 406
 404
 404
 404
 413
 404
 408
 408
 408
 406
 408
 415
 417
 418
 418
 415
 416
 414
 413
 413
 413
 413
 410
 410
 413
 410
 410
 410
 406
 406
 405
 406
 412
 412
 412
 412
 411
 411
 411
 411
 409
 408
 408
 408
 410
 412
 412
 412
 412
 412
 410
 412
 405
 405
 408
 408
 408
 409
 411
 411
 411
 411
 411
 411
 406
 418
 418
 411
 411
 411
 407
 409
 409
 409
 409
 409
 407
 407
 407
 411
 412
 412
 413
 417
 417
 411
 411
 410
 410
 410
 410
 410
 407
 407
 405
 405
 405
 405
 407
 410
 414
 412
 412
 414
 412
 412
 410
 411
 411
 414
 414
 414
 417
 417
 415
 407
 413
 407
 407
 407
 407
 407
 408
 409
 411
 411
 411
 411
 411
 411
 411
 411
 410
 404
 404
 404
 408
 411
 414
 411
 415
 415
 416
 416
 416
 415
 415
 411
 411
 415
 411
 409
 409
 409
 409
 409
 409
 414
 414
 414
 416
 416
 413
 413
 408
 408
 408
 408
 408
 408
 408
 408
 408
 409
 409
 408
 408
 408
 407
 408
 408
 411
 411
 413
 413
 413
 417
 417
 415
 403
 407
 407
 407
 410
 410
 413
 410
 410
 409
 409
 409
 409
 409
 409
 408
 408
 408
 408
 410
 415
 415
 415
 415
 410
 408
 406
 406
 406
 410
 411
 411
 410
 408
 408
 408
 408
 413
 414
 413
 414
 414
 410
 410
 410
 410
 410
 410
 410
 407
 407
 407
 412
 412
 412
 411
 411
 411
 411
 412
 413
 413
 407
 406
 406
 402
 402
 402
 405
 408
 408
 408
 407
 407
 407
 409
 410
 410
 409
 405
 405
 405
 405
 410
 413
 413
 410
 413
 410
 409
 409
 409
 409
 409
 406
 406
 406
 406
 406
 413
 413
 413
 414
 414
 409
 414
 410
 410
 414
 414
 410
 411
 411
 411
 411
 411
 411
 410
 408
 408
 410
 410
 410
 410
 410
 410
 410
 410
 410
 410
 410
 407
 407
 407
 411
 411
 411
 413
 413
 413
 413
 413
 412
 412
 413
 413
 413
 413
 413
 413
 414
 413
 414
 414
 413
 413
 413
 411
 411
 414
 414
 411
 412
 411
 410
 411
 409
 409
 410
 412
 412
 412
 414
 412
 410
 410
 410
 410
 410
 410
 410
 410
 410
 408
 406
 406
 406
 406
 403
 403
 407
 410
 411
 412
 411
 415
 413
 413
 409
 409
 408
 407
 407
 408
 407
 408