Messung 07.08.20 - abgedunkelt
analoge Messung: 370 mm
Bemerkung: neue Version der VL53lx0 Bibliothek eingebunden 
 377
 377
 376
 375
 375
 374
 374
 374
 376
 376
 376
 371
 371
 371
 374
 374
 377
 377
 377
 379
 379
 377
 381
 380
 377
 378
 378
 374
 374
 375
 375
 375
 375
 379
 374
 374
 380
 380
 378
 379
 378
 377
 373
 373
 373
 378
 378
 378
 376
 375
 375
 374
 374
 375
 375
 375
 377
 375
 377
 381
 377
 377
 378
 377
 376
 376
 373
 372
 373
 373
 373
 376
 376
 376
 376
 376
 376
 377
 379
 380
 380
 380
 379
 379
 374
 374
 374
 375
 375
 377
 377
 378
 377
 378
 378
 383
 383
 383
 380
 377
 377
 373
 373
 379
 379
 379
 379
 379
 378
 378
 377
 377
 378
 378
 378
 378
 378
 378
 377
 377
 381
 380
 380
 380
 379
 378
 378
 378
 378
 378
 381
 381
 380
 380
 380
 379
 377
 377
 377
 377
 377
 380
 380
 379
 379
 379
 378
 378
 378
 378
 378
 379
 379
 379
 379
 379
 378
 375
 375
 378
 378
 376
 376
 376
 376
 376
 379
 379
 379
 379
 376
 376
 375
 375
 375
 375
 375
 375
 376
 376
 378
 379
 382
 379
 379
 379
 376
 376
 376
 376
 376
 377
 378
 378
 378
 378
 378
 378
 375
 379
 379
 379
 379
 381
 384
 384
 384
 381
 381
 381
 381
 381
 381
 380
 377
 376
 376
 375
 375
 376
 374
 373
 374
 374
 374
 375
 376
 382
 382
 376
 376
 382
 374
 373
 374
 374
 373
 374
 374
 379
 379
 379
 379
 379
 379
 378
 375
 376
 376
 376
 376
 376
 376
 378
 378
 378
 379
 378
 376
 376
 376
 376
 376
 376
 376
 374
 376
 376
 374
 374
 376
 377
 371
 377
 377
 377
 379
 379
 379
 379
 379
 382
 383
 383
 383
 380
 380
 380
 380
 381
 381
 378
 378
 377
 377
 375
 374
 374
 373
 373
 371
 371
 371
 372
 372
 372
 376
 377
 380
 383
 383
 383
 383
 375
 375
 375
 375
 375
 376
 376
 378
 376
 376
 377
 377
 377
 377
 377
 380
 380
 373
 382
 382
 378
 378
 380
 378
 378
 380
 379
 378
 378
 379
 378
 378
 378
 378
 378
 378
 375
 375
 376
 376
 375
 376
 379
 381
 381
 381
 381
 379
 378
 377
 378
 378
 375
 382
 382
 378
 375
 377
 377
 377
 377
 377
 377
 378
 381
 381
 377
 377
 377
 377
 377
 377
 380
 380
 380
 380
 380
 380
 380
 380
 377
 376
 376
 376
 376
 376
 375
 375
 375
 375
 375
 378
 378
 382
 378
 378
 379
 379
 378
 376
 376
 376
 373
 373
 373
 374
 374
 374
 380
 374
 377
 374
 374
 374
 377
 374
 374
 375
 375
 375
 377
 379
 379
 377
 376
 376
 376
 376
 377
 379
 377
 379
 379
 379
 373
 377
 377
 377
 377
 378
 380
 380
 380
 380
 377
 377
 376
 374
 374
 374
 374
 376
 377
 380
 380
 380
 380
 380
 380
 375
 381
 381
 376
 375
 376
 376
 376
 376
 379
 376
 376
 381
 383
 381
 381
 379
 378
 377
 378
 378
 378
 379
 379
 379
 377
 376
 373
 376
 376
 376
 378
 378
 379
 379
 379
 384
 384
 378
 377
 377
 377
 377
 377
 377
 377
 377
 375
 374
 374
 374
 376
 376
 376
 376
 382
 376
 378
 378
 376
 376
 378
 376
 376
 379
 376
 376
 378
 380
 380
 380
 380
 379
 378
 377
 377
 377
 376
 374
 376
 376
 376
 379
 379
 376
 379
 375
 373
 373
 375
 375
 375
 379
 379
 379
 379
 379
 379
 378
 375
 375
 373
 375
 375
 376
 380
 380
 380
 381
 381
 381
 381
 379
 378
 376
 378
 379
 376
 379
 379
 378
 378
 378
 378
 376
 379
 379
 382
 382
 382
 382
 381
 380
 380
 376
 376
 378
 378
 378
 378
 377
 377
 376
 376
 376
 378
 376
 374
 374
 375
 375
 376
 376
 376
 376
 376
 376
 378
 378
 378
 378
 378
 377
 377
 380
 372
 372
 379
 379
 379
 379
 375
 372
 372
 371
 371
 372
 375
 375
 377
 377
 377
 377
 377
 377
 380
 380
 380
 380
 376
 376
 376
 382
 382
 382
 383
 383
 383
 379
 381
 380
 380
 380
 380
 380
 379
 372
 372
 372
 372
 375
 375
 376
 376
 376
 375
 376
 379
 380
 380
 380
 380
 380
 376
 380
 376
 375
 376
 376
 375
 376
 381
 382
 381
 381
 381
 378
 376
 377
 378
 378
 378
 379
 379
 379
 380
 380
 380
 380
 377
 374
 373
 374
 377
 378
 378
 380
 380
 380
 380
 380
 380
 380
 377
 377
 380
 379
 379
 380
 380
 379
 377
 377
 377
 375
 370
 370
 370
 370
 375
 375
 375
 375
 377
 377
 377
 377
 376
 376
 376
 376
 374
 377
 374
 374
 374
 373
 373
 377
 374
 377
 377
 374
 374
 374
 374
 374
 375
 374
 375
 377
 377
 377
 380
 380
 382
 377
 376
 376
 374
 374
 377