Messung 09.08.20 - abgedunkelt
analoge Messung: 291 mm
Bemerkung: klare Oberfläche - erneute Messung mit verschnutzter (Krüstli) OBerfläche 
271
272
272
274
274
274
276
276
276
276
276
275
275
276
278
278
278
273
273
272
272
272
272
275
277
275
277
275
277
277
279
277
279
782
833
409
277
273
273
273
273
273
273
273
273
275
272
272
272
272
271
271
271
271
274
275
275
275
275
278
278
278
277
277
274
274
274
276
276
279
279
279
275
279
275
276
276
277
276
276
277
277
272
276
276
273
273
273
273
273
273
273
278
273
270
274
274
270
272
274
272
272
272
269
269
269
273
273
273
273
273
273
273
273
273
272
272
270
272
272
273
270
273
273
276
276
276
271
267
266
266
266
266
268
270
273
270
273
273
275
279
286
289
290
290
288
290
290
290
290
292
292
292
292
292
284
284
287
282
280
283
274
270
270
270
270
273
273
273
271
271
269
269
272
272
272
274
275
275
275
274
273
273
273
274
276
276
276
276
276
274
273
273
274
274
293
297
297
297
297
292
286
292
292
292
292
292
291
291
292
292
292
292
287
281
281
281
271
271
271
274
274
277
277
277
277
277
277
269
269
269
270
272
272
272
271
271
271
271
272
272
274
274
272
272
274
273
273
273
273
273
266
266
273
266
268
273
274
270
273
273
273
273
273
275
276
276
276
276
276
276
276
276
276
276
276
276
279
279
279
279
273
271
271
271
272
272
273
274
275
274
274
273
273
273
274
275
276
275
275
276
278
278
278
278
277
272
272
271
271
270
269
269
269
269
273
274
274
276
276
276
276
275
275
273
273
273
273
273
274
274
273
273
273
273
274
274
274
274
274
272
271
271
271
272
272
276
279
279
272
272
272
271
272
273
273
273
273
272
272
271
271
272
272
272
273
276
277
277
277
277
275
274
275
275
275
275
275
276
276
276
276
276
275
274
273
273
274
275
275
276
275
275
273
275
273
273
273
273
273
272
272
272
273
272
273
273
273
273
273
274
275
276
275
276
276
276
275
276
275
276
276
276
274
271
271
271
272
273
274
274
274
274
274
275
275
273
277
273
272
273
272
272
272
272
270
270
271
272
272
272
272
272
272
272
272
281
281
281
280
280
274
277
274
274
273
273
273
273
273
273
275
275
273
273
268
268
268
268
270
270
270
271
271
270
270
271
271
269
269
271
271
271
271
273
273
273
269
268
268
268
269
271
271
271
269
271
270
270
271
275
276
276
275
273
273
271
271
271
271
271
271
272
271
271
272
272
274
274
271
271
274
274
274
274
274
270
270
272
272
272
272
269
269
269
269
269
269
269
269
269
274
276
288
288
290
290
291
291
290
282
282
276
276
282
286
288
293
293
293
294
297
297
291
283
280
277
273
273
273
270
270
270
270
269
270
270
270
270
271
272
274
275
275
275
273
269
269
269
268
267
267
271
271
271
272
274
274
271
270
270
270
272
272
272
272
271
271
271
271
270
271
271
271
271
271
271
272
271
272
272
272
275
283
285
288
288