Messung 09.08.20 - abgedunkelt
analoge Messung: 298 mm
Bemerkung: verschmutzte Oberfläche (Krüstli/Schaum)
 303
 303
 304
 304
 303
 303
 303
 303
 301
 303
 303
 305
 303
 305
 305
 305
 302
 304
 302
 302
 302
 302
 302
 302
 302
 302
 301
 301
 302
 302
 302
 303
 783
 303
 834
 409
 303
 303
 307
 303
 305
 302
 304
 301
 301
 301
 302
 302
 302
 305
 302
 307
 304
 304
 304
 304
 304
 303
 303
 303
 303
 303
 304
 304
 304
 304
 304
 304
 304
 304
 304
 304
 304
 304
 303
 303
 303
 303
 303
 305
 303
 305
 305
 303
 303
 303
 303
 302
 304
 304
 304
 304
 304
 303
 303
 303
 303
 303
 302
 303
 303
 302
 304
 304
 304
 304
 304
 303
 303
 301
 300
 300
 304
 304
 304
 304
 301
 301
 301
 303
 303
 303
 303
 303
 304
 304
 304
 302
 302
 302
 302
 302
 302
 302
 304
 304
 304
 305
 305
 303
 303
 303
 302
 301
 301
 303
 304
 304
 304
 304
 303
 302
 302
 304
 304
 304
 304
 304
 305
 306
 306
 306
 303
 302
 302
 302
 303
 302
 303
 303
 303
 303
 303
 303
 303
 304
 304
 306
 306
 306
 304
 304
 304
 304
 304
 304
 303
 301
 301
 301
 300
 302
 302
 300
 300
 302
 302
 302
 303
 304
 304
 304
 305
 305
 305
 302
 302
 302
 302
 302
 301
 301
 301
 301
 301
 302
 304
 305
 304
 304
 304
 303
 303
 303
 303
 304
 304
 305
 306
 304
 303
 303
 303
 303
 303
 306
 306
 304
 305
 304
 304
 304
 304
 303
 303
 303
 303
 305
 305
 305
 303
 302
 302
 302
 302
 303
 304
 304
 304
 304
 304
 304
 305
 305
 305
 305
 304
 304
 304
 304
 304
 304
 304
 304
 303
 303
 303
 303
 303
 302
 303
 303
 303
 303
 303
 302
 301
 300
 301
 301
 302
 302
 302
 303
 303
 307
 307
 307
 304
 302
 302
 302
 302
 302
 301
 300
 300
 300
 301
 301
 303
 303
 303
 303
 303
 304
 304
 304
 304
 304
 304
 303
 303
 302
 301
 301
 301
 301
 302
 302
 305
 305
 305
 304
 304
 304
 303
 303
 303
 304
 301
 300
 303
 303
 302
 302
 303
 302
 302
 304
 304
 302
 304
 302
 302
 302
 305
 302
 304
 302
 304
 303
 303
 303
 303
 303
 303
 301
 302
 302
 301
 301
 301
 300
 300
 300
 302
 304
 304
 305
 304
 304
 303
 304
 303
 303
 304
 304
 304
 305
 305
 305
 305
 305
 305
 305
 303
 304
 304
 304
 304
 305
 305
 305
 305
 304
 304
 303
 303
 303
 304
 303
 304
 304
 304
 304
 304
 302
