datum: 15.08.20
gemessen 73,5 cm
maximale tiefe: 96,5 cm
oberfläche: mit schaum

705
714
710
714
716
716
721
724
728
725
725
725
725
705
705
707
707
707
709
725
725
725
726
725
716
716
716
716
714
714
717
721
716
721
721
716
716
715
714
715
714
714
715
717
717
722
717
713
713
719
716
719
719
716
716
718
718
724
724
724
725
724
719
720
717
710
710
717
713
713
717
713
708
707
706
706
706
711
711
711
711
707
704
704
718
717
717
717
716
716
708
708
705
711
705
711
720
720
720
720
720
719
715
715
715
715
722
722
722
719
719
719
720
720
720
720
714
700
713
713
712
711
711
710
711
711
710
708
724
716
716
719
719
716
719
721
720
720
720
720
718
716
718
721
721
724
724
721
724
718
717
717
717
717
700
719
719
715
713
713
713
713
713
718
718
718
718
713
703
703
706
706
709
716
718
718
716
718
716
716
716
725
725
726
727
726
726
727
716
716
715
722
715
715
708
708
708
708
708
707
705
707
707
710
712
726
712
722
722
720
712
720
710
720
712
712
709
712
708
707
700
700
700
700
708
714
711
711
714
725
725
725
723
719
717
717
717
719
717
711
710
708
708
710
718
720
727
720
718
713
713
713
721
721
721
718
718
718
717
718
711
711
716
716
715
716
715
711
710
710
710
717
717
717
717
717
717
717
717
718
715
715
715
723
717
717
717
721
721
721
721
724
721
715
715
709
709
720
724
720
720
719
715
708
703
703
703
718
718
720
724
724
722
722
711
711
711
711
712
712
712
713
713
715
715
713
706
706
706
713
713
713
722
720
708
708
720
708
708
720
720
720
720
716
716
716
718
719
719
719
720
713
713
713
713
713
713
719
719
713
718
715
715
715
718
715
720
717
717
717
717
717
715
715
715
714
714
721
721
721
721
727
729
729
721
721
717
716
716
716
716
718
718
718
717
717
715
717
717
727
727
727
713
712
712
713
712
715
717
715
719
719
717
717
717
717
715
715
712
709
709
712
719
719
719
719
719
725
725
728
725
710
710
715
715
719
719
715
733
714
714
721
722
721
721
707
700
700
707
709
711
711
711
711
711
712
715
712
712
712
713
713
713
713
713
713
713