datum: 23.08.20
gemessen 50,6 cm
maximale tiefe: 96,5 cm
oberfläche: mit schaum und klar halb halb

 512
 516
 516
 516
 509
 509
 509
 510
 511
 515
 515
 511
 511
 515
 511
 506
 506
 506
 503
 503
 505
 502
 502
 505
 502
 502
 502
 505
 506
 509
 509
 509
 787
 509
 838
 409
 508
 507
 507
 507
 507
 510
 510
 510
 510
 510
 509
 509
 506
 506
 509
 510
 520
 520
 520
 515
 510
 507
 505
 507
 507
 507
 498
 501
 501
 501
 507
 507
 509
 509
 509
 509
 512
 512
 512
 512
 512
 512
 512
 512
 511
 510
 507
 507
 507
 515
 515
 515
 515
 516
 515
 511
 511
 511
 511
 511
 512
 512
 509
 509
 520
 509
 513
 513
 510
 510
 513
 517
 517
 517
 517
 517
 519
 519
 507
 503
 507
 507
 508
 510
 517
 510
 508
 510
 506
 505
 506
 513
 516
 516
 516
 514
 513
 511
 510
 509
 509
 511
 512
 512
 512
 510
 510
 510
 517
 517
 517
 517
 509
 509
 509
 498
 498
 498
 498
 499
 505
 505
 506
 508
 508
 510
 510
 510
 510
 510
 506
 506
 504
 506
 506
 506
 508
 512
 509
 512
 512
 509
 506
 506
 506
 507
 507
 507
 506
 506
 506
 507
 507
 507
 507
 497
 497
 512
 513
 512
 512
 509
 508
 508
 509
 512
 512
 513
 513
 512
 513
 513
 511
 509
 511
 511
 507
 511
 511
 507
 507
 507
 507
 507
 507
 508
 511
 508
 503
 511
 513
 512
 512
 512
 512
 512
 510
 514
 514
 510
 510
 515
 508
 514
 514
 510
 507
 510
 510
 516
 516
 516
 516
 514
 507
 514
 507
 507
 511
 512
 512
 512
 517
 517
 512
 514
 510
 510
 513
 514
 513
 513
 512
 512
 510
 512
 512
 510
 510
 512
 505
 512
 512
 513
 507
 512
 507
 512
 506
 509
 509
 509
 509
 509
 509
 509
 517
 515
 515
 515
 504
 503
 503
 504
 507
 507
 508
 510
 510
 511
 512
 514
 519
 519
 519
 519
 519
 519
 522
 519
 519
 516
 508
 501
 508
 508
 502
 500
 502
 500
 500
 506
 506
 505
 510
 505
 505
 505
 511
 513
 515
 515
 515
 515
 515
 508
 508
 508
 507
 507
 513
 508
 514
 514
 514
 517
 517
 517
 521
 517
 505
 505
 505
 502
 502
 511
 509
 511
 511
 511
 512
 512
 509
 508
 509
 509
 511
 512
 515
 512
 516
 512
 506
 506
 508
 504
 500
 497
 497
 496
 496
 497
 500
 504
 505
 507
 507
 507
 507
 507
 508
 514
 514
 509
 512
 514
 512
 512
 512
 515
 512
 512
 515
 510
 510
 510
 510
 510
 510
 504
 504
 504
 508
 508
 508
 513
 513
 510
 509
 510
 510
 510
 510
 510
 503
 503
 503
 515
 515
 515
 509
 509
 509
 509
 509
 511
 511
 513
 513
 513
 518
 518