datum: 30.08.20
gemessen 46,4 cm
maximale tiefe: 96,5 cm
oberfläche: mit leicher schaum (kleine Blasen) und klar

466
466
466
461
461
459
461
463
463
464
464
464
464
466
464
464
461
464
461
461
461
460
460
460
460
460
460
460
463
464
464
464
789
463
840
409
464
462
462
458
467
462
462
462
463
462
463
463
464
464
466
464
464
455
455
455
461
462
462
462
461
461
461
464
461
464
464
468
468
468
471
471
464
464
470
464
464
463
463
463
463
465
465
465
465
466
465
466
464
466
467
467
464
467
465
465
465
468
465
468
468
468
459
459
459
459
458
461
463
463
461
462
461
458
458
460
460
460
460
460
464
458
464
464
453
453
460
460
460
462
460
465
463
465
463
463
462
462
462
463
463
466
463
466
466
466
466
466
469
470
471
470
470
466
465
465
465
465
465
465
466
466
462
462
460
460
461
463
466
466
466
466
464
461
461
461
458
458
463
463
463
463
469
469
461
461
461
461
461
461
464
458
460
460
460
460
460
460
460
460
459
458
458
458
458
458
460
460
460
460
461
465
465
465
461
462
462
467
467
467
467
469
467
458
458
470
471
471
471
467
467
467
466
467
467
468
468
471
471
460
460
458
458
458
462
460
460
460
460
460
468
468
468
468
471
471
471
460
460
460
464
464
466
464
464
465
465
464
465
465
464
465
466
465
458
458
458
458
458
459
462
460
460
459
460
460
459
457
465
466
455
458
458
458
458
469
469
469
468
464
463
463
464
463
467
467
467
463
467
463
467
467
470
470
470
461
461
460
460
467
467
462
465
463
463
463
463
463
463
463
463
463
463
463
463
463
466
466
460
460
460
456
460
463
463
460
464
461
461
461
461
461
468
467
467
467
466
466
463
466
463
466
464
467
464
466
466
466
466
470
470
470
470
470
468
465
465
465
456
456
465
464
464
468
464
464
464
465
465
468
468
468
468
466
466
468
468
469
469
465
465
465
461
465
461
459
460
461
461
466
466
469
466
462
461
462
462
464
464
464
467
466
467
468
468
468
468
468
468
468
468
466
466
465
465
465
465
464
465
463
465
465
465
466
466
466
467
470
473
473
470
471
470
458
461
463
463
463
463
463
461
461
460
461
462
464
464
465
465
459
459
460
459
460
460
460
464
464
466
466
472
471
471
471
471
467
464
462
462
462
462
462
461
461
461
464
467
467
467
467
459
459
466
467
466
466
466
464
464
465
465
465
465
465
467
467
461
461
461
461
461
466
466
466
466
464
464
464
462
462
462
462
463
463
465
465
464
459
463
463
464
467
467
467
466
466
464
466
468
468
466
469
466
466
463
456
456 