datum: 12.09.20
gemessen 31,7 cm
maximale tiefe: 96,5 cm
oberfläche: mit schaum
313
314
314
314
314
315
315
315
315
315
315
316
316
316
318
318
318
315
318
318
315
317
318
319
317
319
319
317
317
317
317
317
793
317
844
409
317
316
317
315
315
312
318
312
317
317
319
317
319
319
319
317
317
317
317
317
317
317
316
316
316
316
315
315
315
316
316
316
316
316
316
316
316
317
317
318
317
316
316
316
316
316
315
315
315
315
315
315
317
317
314
317
316
314
316
316
315
315
316
316
320
320
320
319
319
318
318
318
318
318
317
318
317
317
318
318
318
318
318
316
318
314
314
316
318
316
317
316
314
313
313
313
315
315
319
315
315
315
312
312
318
317
317
317
316
316
316
319
319
319
319
317
316
315
315
313
316
317
317
317
318
318
318
318
319
318
317
313
317
313
316
316
316
316
316
317
316
316
317
315
315
315
317
318
318
318
318
318
317
317
317
317
315
315
315
315
315
317
317
317
317
317
317
317
317
318
318
316
315
316
315
315
315
314
314
314
316
316
316
318
318
318
318
318
318
318
315
315
315
315
315
314
314
314
317
317
317
319
316
316
316
316
314
316
316
316
316
316
316
318
317
317
317
318
320
320
320
320
318
317
317
317
316
317
316
314
314
314
314
316
316
316
317
316
317
317
317
317
317
316
316
316
316
316
314
314
314
315
316
321
316
316
316
315
314
315
315
316
316
316
315
315
315
315
318
318
318
318
318
314
318
316
316
315
316
315
315
314
317
314
316
316
316
316
316
316
316
316
314
314
314
314
314
314
316
314
314
316
316
316
316
316
316
316
316
316
317
317
317
317
317
314
314
317
313
317
317
317
314
316
316
316
316
316
316
316
317
317
317
317
318
317
317
318
318
317
318
317
317
318
319
319
319
319
317
317
317
317
317
316
314
316
316
316
316
316
316
318
318
318
317
317
317
317
318
318
318
318
318
318
318
317
317
315
315
315
315
318
318
318
315
315
315
314
315
315
316
317
317
317
316
317
314
315
314
314
314
315
320
320
320
321
319
316
319
319
316
316
313
313
317
317
317
317
317
319
319
319
319
318
318
318
318
318
319
319
319
319
319
317
321
317
320
317
315
315
316
316
316
316
316
316
316
316
313
313
313
314
318
319
318
315
316
316
316
318
318
318
318
318
318
317
315
317
317
317
315
317
317
319
317
317
317
315
315
315
315
315
316
316
316
316
316
315
315
315
315
315
315
318
315
319
319
316
316
317
317
317
317
317
319
319
319
319
319
318
318
317
318
316
316
316
318
315
317
317
317
317
317
317
317
317
315
317
317
317
317
317
321
321
321
315
316
315
316
316
316
316
316
316
316
316
316
316
316
316
316
316
316
317
317
316
317
316
315
316
315
315
315
316
316
316
315
315
315
315
315
315
315
317
317
317
317
317
313
313
315
315
315
315
315
315
314
313
313
316
316
316
317
316
316
317
316
316
317
318
319
319
319
317
317